Without ImageNet Weights

Confusion Matrix
[[  22   20   16    0    1   10    0]
 [  13   47   34    0    1   15    1]
 [  15   17   85    0   15   83    1]
 [   3    2   10    0    0   13    0]
 [   3    2   48    0   55  114    0]
 [  12   25   40    0   25 1225    1]
 [   5    5    6    0    5    5    3]]
Classification Report
              precision    recall  f1-score   support

       akiec       0.30      0.32      0.31        69
         bcc       0.40      0.42      0.41       111
         bkl       0.36      0.39      0.37       216
          df       0.00      0.00      0.00        28
         mel       0.54      0.25      0.34       222
          nv       0.84      0.92      0.88      1328
        vasc       0.50      0.10      0.17        29

   micro avg       0.72      0.72      0.72      2003
   macro avg       0.42      0.34      0.35      2003
weighted avg       0.69      0.72      0.70      2003
_______________________________________________________________________________

All Layers Trainable

Confusion Matrix
[[  18    4   33    0    7    7    0]
 [  10   57   21    2    4   16    1]
 [   1    2  153    1   19   40    0]
 [   3    0    4    5    5   11    0]
 [   0    2   24    1  123   71    1]
 [   0    2   27    0   43 1254    2]
 [   0    1    1    0    4    2   21]]
Classification Report
              precision    recall  f1-score   support

       akiec       0.56      0.26      0.36        69
         bcc       0.84      0.51      0.64       111
         bkl       0.58      0.71      0.64       216
          df       0.56      0.18      0.27        28
         mel       0.60      0.55      0.58       222
          nv       0.90      0.94      0.92      1328
        vasc       0.84      0.72      0.78        29

   micro avg       0.81      0.81      0.81      2003
   macro avg       0.70      0.55      0.60      2003
weighted avg       0.81      0.81      0.80      2003

_______________________________________________________________________________





First and Last Unfrozen

Confusion Matrix
[[  23   12   24    0    4    6    0]
 [  11   66   16    0    4   13    1]
 [  10    6  139    0   13   48    0]
 [   1    2    5    1    6   13    0]
 [   4    3   34    0  106   75    0]
 [   4    6   27    0   41 1241    9]
 [   7    0    4    0    3    2   13]]
Classification Report
              precision    recall  f1-score   support

       akiec       0.38      0.33      0.36        69
         bcc       0.69      0.59      0.64       111
         bkl       0.56      0.64      0.60       216
          df       1.00      0.04      0.07        28
         mel       0.60      0.48      0.53       222
          nv       0.89      0.93      0.91      1328
        vasc       0.57      0.45      0.50        29

   micro avg       0.79      0.79      0.79      2003
   macro avg       0.67      0.50      0.52      2003
weighted avg       0.79      0.79      0.78      2003

_______________________________________________________________________________

Last Block Trainable

Confusion Matrix
[[  14   11   24    0    9   11    0]
 [  10   62   13    0    7   18    1]
 [   5    9  116    0   34   51    1]
 [   1    2    1    0    8   16    0]
 [   2    4   12    0  118   84    2]
 [   0    8   13    0   37 1261    9]
 [   3    2    4    0    3    3   14]]
Classification Report
              precision    recall  f1-score   support

       akiec       0.40      0.20      0.27        69
         bcc       0.63      0.56      0.59       111
         bkl       0.63      0.54      0.58       216
          df       0.00      0.00      0.00        28
         mel       0.55      0.53      0.54       222
          nv       0.87      0.95      0.91      1328
        vasc       0.52      0.48      0.50        29

   micro avg       0.79      0.79      0.79      2003
   macro avg       0.51      0.47      0.48      2003
weighted avg       0.76      0.79      0.78      2003

_______________________________________________________________________________




Freeze Mid 6 Layers

Confusion Matrix
[[  19   16   15    0   10    9    0]
 [   9   68   14    0    2   18    0]
 [   6    3  132    2   19   54    0]
 [   2    0    3    2    7   14    0]
 [   1    1   19    0  104   96    1]
 [   0    4   14    2   25 1275    8]
 [   6    1    2    0    3    2   15]]
Classification Report
              precision    recall  f1-score   support

       akiec       0.44      0.28      0.34        69
         bcc       0.73      0.61      0.67       111
         bkl       0.66      0.61      0.64       216
          df       0.33      0.07      0.12        28
         mel       0.61      0.47      0.53       222
          nv       0.87      0.96      0.91      1328
        vasc       0.62      0.52      0.57        29

   micro avg       0.81      0.81      0.81      2003
   macro avg       0.61      0.50      0.54      2003
weighted avg       0.78      0.81      0.79      2003

_______________________________________________________________________________

Unfreeze Beginning Layers

Confusion Matrix
[[   0    0    0    0    0   69    0]
 [   1    0    0    0    0  110    0]
 [   6    2    0    1    0  207    0]
 [   1    0    0    0    0   27    0]
 [   1    0    0    0    1  220    0]
 [   9    3    2    0    1 1313    0]
 [   0    0    0    0    0   29    0]]
Classification Report
              precision    recall  f1-score   support

       akiec       0.00      0.00      0.00        69
         bcc       0.00      0.00      0.00       111
         bkl       0.00      0.00      0.00       216
          df       0.00      0.00      0.00        28
         mel       0.50      0.00      0.01       222
          nv       0.66      0.99      0.80      1328
        vasc       0.00      0.00      0.00        29

   micro avg       0.66      0.66      0.66      2003
   macro avg       0.17      0.14      0.11      2003
weighted avg       0.50      0.66      0.53      2003

_______________________________________________________________________________




Unfreeze Middle Layers

Confusion Matrix
[[   3    5   44    0    4   13    0]
 [   3   16   54    0    7   30    1]
 [   1    6  107    0   33   69    0]
 [   0    0    7    0    6   15    0]
 [   0    0   28    0  105   89    0]
 [   0    3   22    0   41 1256    6]
 [   1    4    5    0    6    2   11]]
Classification Report
              precision    recall  f1-score   support

       akiec       0.38      0.04      0.08        69
         bcc       0.47      0.14      0.22       111
         bkl       0.40      0.50      0.44       216
          df       0.00      0.00      0.00        28
         mel       0.52      0.47      0.50       222
          nv       0.85      0.95      0.90      1328
        vasc       0.61      0.38      0.47        29

   micro avg       0.75      0.75      0.75      2003
   macro avg       0.46      0.35      0.37      2003
weighted avg       0.71      0.75      0.72      2003
_______________________________________________________________________________

My Model

Confusion Matrix
[[  0   0  15   0   7  47   0]
 [  2   1  30   0  10  68   0]
 [  3   3  54   0  20 135   1]
 [  0   0   8   0   4  16   0]
 [  1   1  36   0  14 168   2]
 [ 22  22 283   0  97 893  11]
 [  0   1   6   0   3  18   1]]
Classification Report
              precision    recall  f1-score   support

       akiec       0.00      0.00      0.00        69
         bcc       0.04      0.01      0.01       111
         bkl       0.12      0.25      0.17       216
          df       0.00      0.00      0.00        28
         mel       0.09      0.06      0.07       222
          nv       0.66      0.67      0.67      1328
        vasc       0.07      0.03      0.05        29

   micro avg       0.48      0.48      0.48      2003
   macro avg       0.14      0.15      0.14      2003

